-0.548241 -0.061635 -84.631090 Far
-0.548183 -0.058594 -84.033407 Far
-0.548117 -0.064657 -85.202989 Far
-0.547944 -0.055539 -83.410144 Far
-0.547812 -0.067658 -85.748910 Far
-0.547523 -0.052474 -82.761509 Far
-0.547324 -0.070634 -86.268667 Far
-0.546920 -0.049401 -82.087721 Far
-0.546655 -0.073580 -86.762080 Far
-0.546137 -0.046326 -81.389006 Far
-0.545805 -0.076494 -87.228981 Far
-0.545173 -0.043251 -80.665595 Far
-0.544773 -0.079372 -87.669205 Far
-0.544028 -0.040180 -79.917730 Far
-0.543560 -0.082210 -88.082600 Far
-0.542704 -0.037117 -79.145657 Far
-0.542166 -0.085005 -88.469019 Far
-0.541200 -0.034067 -78.349632 Far
-0.540592 -0.087753 -88.828326 Far
-0.539517 -0.031031 -77.529917 Far
-0.538838 -0.090452 -89.160391 Far
-0.537655 -0.028015 -76.686779 Far
-0.536904 -0.093097 -89.465093 Far
-0.535616 -0.025022 -75.820495 Far
-0.534791 -0.095686 -89.742322 Far
-0.533399 -0.022055 -74.931348 Far
-0.532500 -0.098216 -89.991973 Far
-0.531006 -0.019118 -74.019626 Far
-0.530030 -0.100683 -90.213953 Far
-0.528438 -0.016215 -73.085625 Far
-0.527384 -0.103084 -90.408175 Far
-0.525695 -0.013349 -72.129648 Far
-0.524561 -0.105416 -90.574562 Far
-0.522777 -0.010523 -71.152003 Far
-0.521563 -0.107677 -90.713047 Far
-0.519687 -0.007741 -70.153005 Far
-0.518389 -0.109863 -90.823570 Far
-0.516425 -0.005007 -69.132974 Far
-0.515042 -0.111973 -90.906081 Far
-0.512991 -0.002324 -68.092238 Far
-0.511521 -0.114003 -90.960538 Far
-0.509388 0.000306 -67.031129 Far
-0.507829 -0.115951 -90.986908 Near
-0.505616 0.002878 -65.949985 Far
-0.503966 -0.117815 -90.985168 Near
-0.501677 0.005391 -64.849152 Far
-0.499933 -0.119591 -90.955305 Near
-0.497571 0.007840 -63.728978 Far
-0.495731 -0.121279 -90.897311 Near
-0.493300 0.010222 -62.589818 Far
-0.491362 -0.122876 -90.811192 Near
-0.488865 0.012536 -61.432033 Far
-0.486826 -0.124380 -90.696959 Near
-0.484268 0.014778 -60.255988 Far
-0.482126 -0.125789 -90.554635 Near
-0.479510 0.016945 -59.062054 Far
-0.477262 -0.127101 -90.384251 Near
-0.474592 0.019035 -57.850606 Far
-0.472236 -0.128315 -90.185846 Near
-0.469516 0.021046 -56.622024 Far
-0.467049 -0.129429 -89.959471 Near
-0.464284 0.022974 -55.376693 Far
-0.461704 -0.130442 -89.705182 Near
-0.458897 0.024818 -54.115001 Far
-0.456201 -0.131353 -89.423049 Near
-0.453357 0.026575 -52.837343 Far
-0.450542 -0.132160 -89.113147 Near
-0.447666 0.028243 -51.544116 Far
-0.444728 -0.132863 -88.775563 Near
-0.441824 0.029821 -50.235723 Far
-0.438762 -0.133460 -88.410390 Near
-0.435835 0.031305 -48.912568 Far
-0.432646 -0.133951 -88.017732 Near
-0.429700 0.032696 -47.575063 Far
-0.426380 -0.134335 -87.597704 Near
-0.423420 0.033990 -46.223619 Far
-0.419968 -0.134612 -87.150426 Near
-0.416998 0.035186 -44.858655 Far
-0.413410 -0.134781 -86.676029 Near
-0.410435 0.036284 -43.480591 Far
-0.406709 -0.134842 -86.174654 Near
-0.403734 0.037280 -42.089850 Far
-0.399867 -0.134795 -85.646448 Near
-0.396897 0.038176 -40.686860 Far
-0.392885 -0.134640 -85.091570 Near
-0.389925 0.038968 -39.272050 Far
-0.385767 -0.134377 -84.510186 Near
-0.382821 0.039657 -37.845854 Far
-0.378514 -0.134006 -83.902472 Near
-0.375587 0.040241 -36.408707 Far
-0.371127 -0.133528 -83.268611 Near
-0.368225 0.040720 -34.961047 Far
-0.363611 -0.132944 -82.608796 Near
-0.360737 0.041094 -33.503316 Far
-0.355966 -0.132254 -81.923228 Near
-0.353126 0.041361 -32.035956 Far
-0.348195 -0.131458 -81.212118 Near
-0.345393 0.041521 -30.559413 Far
-0.340300 -0.130559 -80.475683 Near
-0.337542 0.041575 -29.074135 Far
-0.332285 -0.129556 -79.714151 Near
-0.329574 0.041523 -27.580570 Far
-0.324150 -0.128452 -78.927757 Near
-0.321492 0.041363 -26.079172 Far
-0.315899 -0.127247 -78.116744 Near
-0.313299 0.041097 -24.570391 Far
-0.307534 -0.125942 -77.281363 Near
-0.304996 0.040725 -23.054685 Far
-0.299058 -0.124541 -76.421876 Near
-0.296586 0.040247 -21.532507 Far
-0.290473 -0.123043 -75.538549 Near
-0.288072 0.039665 -20.004316 Far
-0.281782 -0.121451 -74.631658 Near
-0.279457 0.038977 -18.470571 Far
-0.272988 -0.119767 -73.701488 Near
-0.270742 0.038187 -16.931731 Far
-0.264093 -0.117993 -72.748329 Near
-0.261931 0.037293 -15.388256 Far
-0.255099 -0.116131 -71.772481 Near
-0.253025 0.036298 -13.840609 Far
-0.246011 -0.114183 -70.774250 Near
-0.244029 0.035203 -12.289251 Far
-0.236830 -0.112152 -69.753950 Near
-0.234944 0.034009 -10.734644 Far
-0.227559 -0.110040 -68.711904 Near
-0.225773 0.032718 -9.177251 Far
-0.218201 -0.107850 -67.648439 Near
-0.216519 0.031330 -7.617537 Far
-0.208759 -0.105584 -66.563893 Near
-0.207185 0.029848 -6.055964 Far
-0.199236 -0.103245 -65.458606 Near
-0.197773 0.028274 -4.492995 Far
-0.189635 -0.100836 -64.332931 Near
-0.188287 0.026610 -2.929094 Far
-0.179959 -0.098360 -63.187222 Near
-0.178728 0.024856 -1.364723 Far
-0.170210 -0.095820 -62.021844 Near
-0.169101 0.023017 0.199653 Far
-0.160392 -0.093219 -60.837165 Near
-0.159407 0.021093 1.763574 Far
-0.150508 -0.090560 -59.633563 Near
-0.149650 0.019087 3.326578 Far
-0.140560 -0.087846 -58.411419 Near
-0.139832 0.017002 4.888204 Far
-0.130553 -0.085081 -57.171123 Near
-0.129957 0.014840 6.447992 Far
-0.120488 -0.082269 -55.913068 Near
-0.120027 0.012604 8.005482 Far
-0.110369 -0.079411 -54.637655 Near
-0.110046 0.010296 9.560218 Far
-0.100200 -0.076513 -53.345290 Near
-0.100016 0.007920 11.111741 Far
-0.089983 -0.073577 -52.036384 Near
-0.089940 0.005477 12.659598 Far
-0.079822 0.002972 14.203334 Far
-0.079721 -0.070607 -50.711356 Near
-0.069664 0.000406 15.742496 Far
-0.069418 -0.067607 -49.370626 Near
-0.059469 -0.002216 17.276635 Far
-0.059077 -0.064581 -48.014622 Near
-0.049241 -0.004891 18.805300 Far
-0.048701 -0.061532 -46.643777 Near
-0.038982 -0.007617 20.328046 Far
-0.038294 -0.058463 -45.258528 Near
-0.028695 -0.010391 21.844428 Far
-0.027857 -0.055379 -43.859317 Near
-0.018384 -0.013208 23.354001 Far
-0.017396 -0.052284 -42.446589 Near
-0.008052 -0.016065 24.856328 Far
-0.006913 -0.049180 -41.020795 Near
0.002299 -0.018959 26.350968 Far
0.003590 -0.046073 -39.582391 Near
0.012664 -0.021886 27.837486 Far
0.014107 -0.042966 -38.131834 Near
0.023042 -0.024844 29.315450 Far
0.024637 -0.039862 -36.669587 Near
0.033429 -0.027827 30.784430 Far
0.035176 -0.036765 -35.196117 Near
0.043822 -0.030833 32.243996 Far
0.045721 -0.033680 -33.711893 Near
0.054218 -0.033858 33.693726 Far
0.056268 -0.030609 -32.217388 Near
0.064614 -0.036899 35.133197 Far
0.066814 -0.027558 -30.713079 Near
0.075006 -0.039951 36.561990 Far
0.077356 -0.024528 -29.199444 Near
0.085392 -0.043011 37.979692 Far
0.087890 -0.021525 -27.676965 Near
0.095768 -0.046075 39.385889 Far
0.098414 -0.018552 -26.146128 Near
0.106132 -0.049140 40.780173 Far
0.108923 -0.015613 -24.607418 Near
0.116480 -0.052201 42.162139 Far
0.119415 -0.012710 -23.061326 Near
0.126809 -0.055256 43.531387 Far
0.129887 -0.009848 -21.508343 Near
0.137116 -0.058300 44.887518 Far
0.140335 -0.007031 -19.948962 Near
0.147398 -0.061329 46.230138 Far
0.150756 -0.004261 -18.383678 Near
0.157652 -0.064341 47.558858 Far
0.161146 -0.001542 -16.812988 Near
0.167875 -0.067331 48.873293 Far
0.171503 0.001123 -15.237391 Near
0.178064 -0.070296 50.173059 Far
0.181823 0.003730 -13.657385 Near
0.188216 -0.073231 51.457781 Far
0.192103 0.006276 -12.073471 Near
0.198327 -0.076135 52.727084 Far
0.202340 0.008758 -10.486151 Near
0.208395 -0.079002 53.980600 Far
0.212530 0.011173 -8.895925 Near
0.218416 -0.081830 55.217965 Far
0.222670 0.013518 -7.303298 Near
0.228389 -0.084615 56.438818 Far
0.232758 0.015790 -5.708771 Near
0.238309 -0.087354 57.642806 Far
0.242790 0.017987 -4.112848 Near
0.248173 -0.090043 58.829577 Far
0.252763 0.020105 -2.516031 Near
0.257979 -0.092680 59.998787 Far
0.262674 0.022143 -0.918825 Near
0.267724 -0.095260 61.150094 Far
0.272519 0.024097 0.678270 Near
0.277405 -0.097781 62.283163 Far
0.282296 0.025965 2.274750 Near
0.287019 -0.100240 63.397664 Far
0.292002 0.027745 3.870115 Near
0.296563 -0.102633 64.493272 Far
0.301633 0.029434 5.463864 Near
0.306034 -0.104959 65.569667 Far
0.311187 0.031032 7.055497 Near
0.315429 -0.107213 66.626533 Far
0.320661 0.032535 8.644517 Near
0.324745 -0.109393 67.663562 Far
0.330051 0.033942 10.230427 Near
0.333980 -0.111497 68.680451 Far
0.339355 0.035251 11.812731 Near
0.343131 -0.113522 69.676900 Far
0.348570 0.036460 13.390936 Near
0.352195 -0.115466 70.652618 Far
0.357693 0.037569 14.964550 Near
0.361169 -0.117325 71.607317 Far
0.366721 0.038575 16.533083 Near
0.370051 -0.119098 72.540718 Far
0.375651 0.039478 18.096048 Near
0.378838 -0.120783 73.452544 Far
0.384481 0.040276 19.652961 Near
0.387527 -0.122378 74.342527 Far
0.393207 0.040969 21.203337 Near
0.396115 -0.123880 75.210403 Far
0.401828 0.041555 22.746698 Near
0.404600 -0.125288 76.055916 Far
0.410340 0.042034 24.282566 Near
0.412980 -0.126600 76.878814 Far
0.418741 0.042405 25.810467 Near
0.421251 -0.127815 77.678854 Far
0.427028 0.042668 27.329930 Near
0.429412 -0.128930 78.455796 Far
0.435199 0.042823 28.840488 Near
0.437460 -0.129945 79.209409 Far
0.443251 0.042868 30.341677 Near
0.445391 -0.130858 79.939467 Far
0.451182 0.042806 31.833034 Near
0.453205 -0.131669 80.645752 Far
0.458988 0.042634 33.314105 Near
0.460898 -0.132375 81.328049 Far
0.466669 0.042354 34.784435 Near
0.468468 -0.132977 81.986155 Far
0.474221 0.041966 36.243575 Near
0.475913 -0.133473 82.619869 Far
0.481641 0.041471 37.691081 Near
0.483230 -0.133863 83.228998 Far
0.488929 0.040868 39.126512 Near
0.490418 -0.134147 83.813358 Far
0.496081 0.040160 40.549432 Near
0.497473 -0.134323 84.372769 Far
0.503095 0.039346 41.959408 Near
0.504395 -0.134392 84.907059 Far
0.509970 0.038428 43.356015 Near
0.511180 -0.134354 85.416063 Far
0.516703 0.037406 44.738829 Near
0.517827 -0.134209 85.899623 Far
0.523291 0.036283 46.107434 Near
0.524333 -0.133956 86.357589 Far
0.529734 0.035059 47.461417 Near
0.530696 -0.133596 86.789815 Far
0.536028 0.033736 48.800371 Near
0.536916 -0.133130 87.196166 Far
0.542173 0.032316 50.123895 Near
0.542988 -0.132558 87.576511 Far
0.548166 0.030801 51.431591 Near
0.548913 -0.131880 87.930729 Far
0.554005 0.029191 52.723070 Near
0.554687 -0.131098 88.258705 Far
0.559689 0.027490 53.997946 Near
0.560309 -0.130213 88.560330 Far
0.565215 0.025699 55.255838 Near
0.565778 -0.129224 88.835505 Far
0.570583 0.023821 56.496375 Near
0.571090 -0.128135 89.084136 Far
0.575791 0.021858 57.719187 Near
0.576246 -0.126945 89.306138 Far
0.580836 0.019812 58.923913 Near
0.581243 -0.125657 89.501433 Far
0.585718 0.017686 60.110197 Near
0.586080 -0.124271 89.669951 Far
0.590435 0.015482 61.277691 Near
0.590755 -0.122790 89.811628 Far
0.594985 0.013203 62.426050 Near
0.595266 -0.121215 89.926410 Far
0.599368 0.010853 63.554938 Near
0.599613 -0.119549 90.014248 Far
0.603581 0.008433 64.664026 Near
0.603793 -0.117792 90.075103 Far
0.607625 0.005947 65.752989 Near
0.607806 -0.115948 90.108942 Far
0.611496 0.003398 66.821510 Near
0.611650 -0.114019 90.115741 Near
0.615195 0.000789 67.869279 Near
0.615323 -0.112006 90.095483 Near
0.618720 -0.001877 68.895993 Near
0.618826 -0.109912 90.048158 Near
0.622071 -0.004597 69.901355 Near
0.622156 -0.107741 89.973765 Near
0.625246 -0.007366 70.885075 Near
0.625313 -0.105494 89.872311 Near
0.628243 -0.010183 71.846871 Near
0.628295 -0.103173 89.743809 Near
0.631064 -0.013042 72.786468 Near
0.631102 -0.100783 89.588282 Near
0.633706 -0.015942 73.703596 Near
0.633732 -0.098326 89.405760 Near
0.636168 -0.018877 74.597995 Near
0.636185 -0.095804 89.196280 Near
0.638451 -0.021846 75.469410 Near
0.638460 -0.093222 88.959888 Near
0.640553 -0.024843 76.317596 Near
0.640555 -0.090581 88.696637 Near
0.642472 -0.087886 88.406589 Near
0.642475 -0.027866 77.142313 Near
0.644208 -0.085139 88.089813 Near
0.644214 -0.030910 77.943328 Near
0.645763 -0.082344 87.746386 Near
0.645772 -0.033973 78.720418 Near
0.647137 -0.079504 87.376394 Near
0.647147 -0.037049 79.473366 Near
0.648328 -0.076622 86.979928 Near
0.648339 -0.040136 80.201962 Near
0.649338 -0.073703 86.557089 Near
0.649348 -0.043230 80.906005 Near
0.650165 -0.070750 86.107987 Near
0.650174 -0.046326 81.585300 Near
0.650808 -0.067766 85.632738 Near
0.650816 -0.049422 82.239661 Near
0.651269 -0.064754 85.131466 Near
0.651274 -0.052513 82.868909 Near
0.651546 -0.061720 84.604303 Near
0.651548 -0.055595 83.472873 Near
0.651639 -0.058666 84.051389 Near
